2459518.3129137903	1.0000085570170862	0.00023994348928036446
2459518.3136085323	1.0003479113567684	0.00023991180298308214
2459518.314303286	1.0000865426544423	0.00023966048774685697
2459518.3149980395	0.9998907241602147	0.0002397083995468447
2459518.3156927926	0.9998444173330856	0.00023964919947056654
2459518.3163875467	0.9999861485161189	0.00023964761093867346
2459518.3170823	1.0000514527983775	0.00023974149556870198
2459518.317777042	1.0003024309643036	0.0002397286200133671
2459518.3184717954	0.9996999814812617	0.0002396028579307809
2459518.319166549	1.0001921032418823	0.0002396504085211047
2459518.319861302	0.999813550131483	0.0002396721986013872
2459518.3205560558	1.0003316048776876	0.00023971883227585927
2459518.321250798	0.9998281379718321	0.00023971121218224978
2459518.3219455513	1.0003534851294689	0.00023972754356183654
2459518.322640305	0.9995327566188219	0.0002396791435160918
2459518.3233350585	0.9996532375486774	0.0002396091893382995
2459518.324029812	0.9999155439788021	0.00023966944378001187
2459518.3247245653	0.9998080668586589	0.00023966157792662489
2459518.325419307	0.9998947800595538	0.00023964480621107347
2459518.326114061	0.9997071391193032	0.00023969966813940937
2459518.3268088144	1.0001789453069776	0.00023980753074984718
2459518.3275035676	0.9999669425620284	0.00023986297483734748
2459518.3281983216	0.9999161791447707	0.00023977059746916696
2459518.3288930636	0.9996166808406719	0.00023965949277028313
2459518.3295878167	1.0003181320282815	0.00023974292661674436
2459518.3302825703	0.9997920666037682	0.00023965347750939833
2459518.330977324	0.9997276771339486	0.00023967864459527335
2459518.331672078	1.0001141169562495	0.00023964635502580003
2459518.332366831	1.000064364427861	0.000239715340520931
2459518.3330615736	1.0001246365298422	0.00023991974366930193
2459518.3337563267	0.9997873941241257	0.0002397948786743322
2459518.3344510803	0.9998450976389441	0.0002397824920299617
2459518.335145834	0.9997450748883181	0.00023956750406872905
2459518.3358405875	0.9997377484507171	0.00023960674315196288
2459518.3365353295	0.9996100555593185	0.00023968681714102698
2459518.3372300826	0.999796075022955	0.0002396268043022655
2459518.3379248367	0.9995027158912292	0.00023956779550826242
2459518.33861959	0.9998660302546705	0.000239579333179669
2459518.339314343	0.9998428760249505	0.00023962843173778913
2459518.3400090965	1.0000111683255324	0.00023970622939001174
2459518.3407038385	1.0001292531235002	0.000239842842271298
2459518.3413985916	0.9998378775370038	0.00023978630371043261
2459518.3420933452	0.9999590468945615	0.00023976859323380926
2459518.342788099	1.000273086452521	0.00023961619672311615
2459518.3434828524	1.0001423231026403	0.0002397013761023679
2459518.3441776056	0.9996596377980588	0.00023964296455435946
2459518.344872348	0.9994940733017652	0.00023956038150024602
2459518.3803046946	0.9994981098658858	0.0002406907162660037
2459518.3809994482	0.9999927203352968	0.00023989345849195938
2459518.3816942014	0.9997712879881531	0.00023980905283427738
2459518.382388955	0.9994841956909207	0.00023966151916593402
2459518.383083708	0.9998809966714447	0.0002396188551807613
2459518.38377845	0.9998156075923628	0.0002397325494948754
2459518.3844732037	0.9997369570559181	0.00023960776785164828
2459518.3851679573	0.9999395310436866	0.00023973657122853197
2459518.385862711	0.9996355022665075	0.00023974252254195215
2459518.386557464	0.9999896772486838	0.0002396686940347114
2459518.3872522176	0.9997460715314013	0.0002396552296850371
2459518.3879469708	0.9994194542530865	0.00023964458532991115
2459518.3886417127	1.0000826071020854	0.00023965252133504415
2459518.389336466	0.999871083722955	0.0002396618412137687
2459518.39003122	0.999982666977527	0.00023977393665284888
2459518.390725973	1.0001212568243742	0.00023962634196774627
2459518.3914207267	0.9997631724086222	0.00023974566505699242
2459518.3921154803	1.0000256580851195	0.00023968067417415613
2459518.392810222	1.000006496874205	0.00023964577531420233
2459518.3935049754	0.9998541032136038	0.0002396728710040415
2459518.3941997285	1.0001579814094905	0.00023967193470026093
2459518.3948944826	1.0002284970138071	0.0002397214296897157
2459518.3955892357	0.9996425998766024	0.0002396566758569324
2459518.3962839893	0.9998974867308982	0.0002397208757061963
2459518.396978743	1.000322042580058	0.00023977152744622507
2459518.397673496	0.99954879427136	0.00023964089633854373
2459518.3983682375	1.0003841028453766	0.00023987504044528063
2459518.399062991	0.9997938483518747	0.0002395992797486994
2459518.3997577447	0.9999255504180679	0.00023974924604020366
2459518.4004524983	1.0004293362722663	0.00023971592939408704
2459518.4011472515	0.999763708198851	0.00023970836958260743
2459518.401842005	0.9997072210724229	0.00023983807955852438
2459518.402536747	0.9998857821297394	0.00023977645785725211
2459518.4032315	0.9997122701595774	0.00023978143219261582
2459518.4046210074	0.9994602962566058	0.00023963683094678333
2459518.405315761	1.00009665655154	0.00023974343408608115
2459518.4060105137	0.9997796694269029	0.00023966983696957814
2459518.4067052677	0.9999219163533414	0.00023964698204512416
2459518.407400009	0.9999048804760994	0.00023968653155073284
2459518.408094763	0.999628450636162	0.00023966240964303414
2459518.4087895164	1.0002119920047245	0.00023968110841201442
2459518.40948427	0.9996583269253039	0.000239846495891459
2459518.4101790227	0.999804101459731	0.00023966884611346573
2459518.4108737763	0.9998693782350135	0.00023963125409362328
2459518.41156853	1.0001186147286365	0.00023964838702954003
2459518.412263272	0.9998038695698069	0.00023970784955080365
2459518.4129580255	0.9997043315321731	0.00023963849131822663
2459518.4136527786	0.9999841533676657	0.0002396052085646418
2459518.4254635638	0.9995787987854873	0.00024037256728280112
2459518.449085121	0.9997840359928164	0.0002404615073066147
2459518.4497798746	1.000454233859083	0.0002399393779536257
2459518.450474628	1.0003266886162707	0.00023987086936962812
2459518.451169381	0.9999968543126501	0.0002396821230766068
2459518.451864135	1.0001105342010776	0.0002396615221494708
2459518.452558888	1.000404877378818	0.00023981337417664674
2459518.4532536296	0.9998613141673655	0.00023966712968669307
2459518.453948383	0.9999464230852995	0.0002396818366994751
2459518.454643137	0.9999465106074138	0.00023973791468198113
2459518.4553378895	1.0004854289885219	0.0002397164243137606
2459518.456032643	0.9999178957486351	0.0002396883151202182
2459518.4567273967	1.000095043029982	0.0002396537197185522
2459518.45742215	0.9999942486587269	0.00023967815928427577
2459518.458116892	1.0002602630505635	0.0002396994414736265
2459518.4588116454	1.0007008585696184	0.0002398933405692481
2459518.459506399	0.9997832218203312	0.0002396066694217326
2459518.4602011517	1.000193574056083	0.00023977364977710453
2459518.4608959053	0.9999809351117277	0.0002396644663304838
2459518.461590659	0.9997444511234967	0.0002396463446567966
2459518.462285412	0.9996421420425832	0.0002396452403108285
2459518.4629801535	0.9996422031592975	0.00023959900475740935
2459518.4636749076	1.0000547208718142	0.00023969675910355686
2459518.4643696602	1.00011676184809	0.000239786672026842
2459518.465064414	0.999827337113073	0.0002397203573497
2459518.4657591674	1.0002299736046845	0.00023978472679930262
2459518.4664539206	1.0001313700805974	0.00023973309128151062
2459518.4671486737	1.0002252038256978	0.00023976083085166334
2459518.4678434273	0.9996872234851399	0.00023966208351936045
2459518.4685381693	0.9992985711573619	0.00023964543827857066
2459518.4692329224	0.9995919370499288	0.00023963016760367135
2459518.469927676	0.9999089464529106	0.00023978824566715635
2459518.470622429	1.0000246149591356	0.00023992741690475003
2459518.4713171828	1.0000834333938668	0.00023981584463684096
2459518.472011936	0.9999191519023645	0.00023992670546178763
2459518.472706689	1.0005260613110414	0.000239733745279551
2459518.4734014426	0.9998276262272502	0.0002396497377941825
2459518.4740961846	1.0001151385549365	0.0002397347085651727
2459518.4747909373	1.0000201541819598	0.0002397556856321539
2459518.4754856913	1.000263816803175	0.000239740413673571
2459518.4761804445	1.000098409695476	0.00023976145298659364
2459518.4768751976	1.0002766949072972	0.00023971673642278861
2459518.477569951	1.0002357716123462	0.00023978596963002843
2459518.4782647043	1.0000761458461656	0.00023983064184903902
2459518.4789594463	0.9999705602291558	0.00023968364266592276
2459518.4796541994	0.9997527100957823	0.00023958214873390584
2459518.480348953	1.000358203864148	0.0002397964192922352
2459518.481043706	0.9997049007148537	0.0002398390237787179
2459518.48173846	0.9996408211546496	0.00023958205619759227
2459518.482433213	0.9999524997683769	0.0002396457345654863
2459518.4831279665	1.0000700550904957	0.00023967744736726152
2459518.4838227197	1.000210130012503	0.00023963846901923358
2459518.484517461	1.0004272702131136	0.00023977117149671045
2459518.49077023	0.9998650513560067	0.00023983290381227778
2459518.4914649827	0.9997468453360128	0.000239932161978002
2459518.492159737	0.9992329252595255	0.00024002267022375608
2459518.493549243	1.000026428141439	0.0002406066427273715
2459518.4942439967	0.999649435685046	0.0002406101509334636
2459518.518560305	1.0000812721007164	0.00023995148676579056
2459518.5192550574	0.9998524083244167	0.00023985444961452043
2459518.519949811	1.0004203119783301	0.0002397465841183555
2459518.520644564	1.000301601830701	0.0002399960851072858
2459518.521339306	0.9997328348207508	0.000239679263461061
2459518.5220340593	1.000423571500669	0.00023968363630730858
2459518.522728813	1.0000944362791886	0.00023972577707312068
2459518.523423566	0.9996535349072327	0.00023971075527834626
2459518.524118319	0.9993530385905928	0.00023958302735508456
2459518.5248130723	0.9999760333419653	0.00023972938943647867
2459518.525507826	1.0002391115230593	0.0002396422448867202
2459518.5262025674	1.0001662361720414	0.00023975505656515075
2459518.5268973205	0.9999076660532663	0.00023967717599695864
2459518.5282868277	0.9995681298305615	0.00023953661640146873
2459518.528981581	1.00048384000416	0.00023977040184648834
2459518.529676334	0.9996797703877648	0.0002396147596095712
2459518.5303710876	0.9996671283237314	0.00023962996900962844
2459518.5310658407	1.0000748982836423	0.0002396948179916269
2459518.5317605822	0.9998683669151285	0.00023963773934961214
2459518.532455336	1.0000804411798672	0.00023977873985980017
2459518.533150089	0.9999219767425345	0.00023973271912346663
2459518.533844842	1.000004666811522	0.0002398199047007001
2459518.5345395957	0.9995824737931783	0.00023967892078123615
2459518.535234349	1.001552650160628	0.00023999376330870333
2459518.535929102	0.9999407605136948	0.0002397152889608847
2459518.5366238435	1.0000341500342786	0.00023969706180167297
2459518.5373185975	0.999871265281869	0.0002397458576243881
2459518.53801335	0.9995804744628889	0.00023965140936004062
2459518.538708104	0.9998978636036279	0.00023983826712677489
2459518.539402857	0.9994828417575968	0.00023980051366147352
2459518.54009761	0.9996371949522639	0.00023977167433627885
2459518.540792363	0.9999436965715709	0.0002396950184574378
2459518.5414871164	0.9999011827209193	0.0002397213432964795
2459518.5421818583	1.0015915626014935	0.0002446755115266693
2459518.5428766115	0.9997111305775064	0.00023965110907051663
2459518.5435713646	1.0000193768210202	0.00023967775075605573
2459518.544266118	0.9999506904767433	0.00023963513497717205
2459518.5449608713	0.9997583812473749	0.00023963576953052652
2459518.5456556245	0.999827250521125	0.0002396866203597562
2459518.546350378	1.0000815619772183	0.00023985857843159702
2459518.547045131	1.0000251917648046	0.00023990660003083642
2459518.547739873	0.9999493977629726	0.00023963672572882962
2459518.548434626	0.9996370408202188	0.000239552326080674
2459518.54912938	0.999393782503335	0.00023961952870806645
2459518.550518886	0.99996499370857	0.00023961655870958232
2459518.5512136393	1.0003536765527408	0.00023971177415529335
2459518.5519083925	0.9993980805808287	0.00023961881522603794
2459518.552603134	0.999832277565964	0.0002396250060030744
2459518.553297887	1.0000772744896904	0.00023967927820784624
2459518.5539926407	0.9995445964461315	0.00023959174963116255
2459518.554687394	0.9994559820509342	0.0002396573028838525
2459518.555382147	0.9994991926188191	0.00023964805128149
2459518.5560769006	1.0002750007154644	0.00023998459579267472
2459518.5567716537	1.0000837412401125	0.00024019563925293679
2459518.557466407	0.9998614244903525	0.0002397571441504099
2459518.5581611483	0.9998323518876923	0.00023969768783705395
2459518.558855902	0.9998964969750102	0.00023976900000254037
2459518.559550655	0.9998285317667434	0.00023991684824480316
2459518.560245408	0.9996261870483679	0.00023994917088799054
2459518.560940162	0.9997256712761573	0.00023991483979851071
2459518.561634915	0.9998366274243191	0.0002402264325472474
2459518.562329668	0.9995704257797838	0.000240468091313294
2459518.56302441	0.9992473561518359	0.00024057393815876652
2459518.586645985	0.9992457762619337	0.0002405236663195887
2459518.587340738	0.9991661215241996	0.00023992727047992938
2459518.5880354913	0.999819250415731	0.00023980406404546146
2459518.588730245	1.0002512624606166	0.0002397442593667791
2459518.589424986	0.9999773706899904	0.00023977463317617883
2459518.5901197395	1.0001395409883713	0.00023983683679572033
2459518.5908144927	0.9997539481175405	0.00023960138620310626
2459518.5915092463	0.9999207898913862	0.00023965026836315778
2459518.592203999	0.9998957708876688	0.00023967735500191807
2459518.5935935057	1.0000714743235215	0.00023972661504822267
2459518.594288259	0.9999219980141607	0.0002396005329599244
2459518.5949830003	1.0003579519334063	0.00023980342798120413
2459518.595677754	0.9998869989656958	0.00023968494405137122
2459518.596372507	1.0000844489999725	0.00023979492319345106
2459518.5970672597	0.999940672701031	0.00024010216512031462
2459518.5977620133	1.0002155943863351	0.00023970629628942584
2459518.5984567665	0.9999389498811192	0.00023968868283173796
2459518.5991515196	1.000119057188678	0.00023971193697980034
2459518.5998462727	1.0000857923100317	0.00023967753552950978
2459518.600541014	0.999862957955687	0.00023965239124028607
2459518.6012357674	0.9999415825619191	0.00024000281175422987
2459518.601930521	0.999774642972541	0.00023975856039992543
2459518.602625274	0.9999584821178313	0.00023981451603412359
2459518.6033200272	1.0001163843279275	0.00023975214928122687
2459518.6040147804	1.0001311414364258	0.0002397867762811145
2459518.6047095335	0.9999600967617299	0.00023968257057632998
2459518.605404275	1.0000543840753149	0.000239803240523463
2459518.6060990286	1.0000772881324869	0.00024021953129301155
2459518.6067937817	1.0001595128671616	0.00023969286875408693
2459518.607488535	0.9998964300605886	0.00023991655342592798
2459518.6081832885	1.000099011697095	0.00024005417344272838
2459518.608878041	1.0001774873003737	0.00023991533305349922
2459518.6095727943	1.0004764440733582	0.00023971451130130986
2459518.6102675474	0.9998793202546749	0.00023964738790195443
2459518.6109622894	0.9999583141099134	0.00023972433670010182
2459518.611657042	1.0001868842422643	0.00024019897690622872
2459518.6123517957	1.000157371356664	0.00023971427532883956
2459518.613046549	0.999866084044759	0.0002396131390275105
2459518.613741302	1.0000406123979821	0.00023969962635378642
2459518.614436055	0.9997657498358289	0.00023985569276752122
2459518.6151308087	0.999657750867902	0.00023978190737840204
2459518.616520303	0.9999573265071658	0.00023973994456768686
2459518.617215056	0.9999485171878709	0.00023966247284940817
2459518.6179098096	1.0000685946643328	0.00023962414800986223
2459518.619299316	0.9996127955582929	0.00023955967843202413
2459518.6199940694	0.9998805376172073	0.00023963422683035448
2459518.620688822	0.9998623631507904	0.0002396783111697088
2459518.6213835636	1.000299960681297	0.00023966406110357413
2459518.6220783168	0.9999482231441322	0.00023965449878751778
2459518.6227730704	1.000311137529767	0.00023969210671226162
2459518.6241625766	0.9995000707992769	0.00023964859997514603
2459518.62485733	0.9998641925986528	0.00023967528930704304
2459518.625552083	1.0001733337324807	0.00023985704311366455
2459518.626246836	0.9995028908793251	0.0002396860262194797
2459518.6269415775	1.000133858720983	0.00023985544387374866
2459518.627636331	0.9999427213059934	0.00023981916298742662
2459518.628331084	1.0003118676890572	0.0002398837157998884
2459518.6290258374	1.0001261482256687	0.00024005163459725918
2459518.62972059	0.9997588026573002	0.00023999475132163196
2459518.6304153437	0.9997035468328572	0.0002401683570032578
2459518.631110097	1.0000053321496258	0.00024057239017506992
2459518.63180485	0.9994539699728485	0.00024077914234054548
2459518.6554263993	1.000098353548228	0.000240134118984009
2459518.6561211525	0.9997613815072391	0.00023994270558288396
2459518.656815905	1.0004855696255615	0.000239828313086503
2459518.6575106587	1.0003978807733511	0.00023971276846330278
2459518.658205412	1.000193977890157	0.00023990474988745875
2459518.6589001534	1.000132586965992	0.00023985857207004234
2459518.6595949065	0.9999222825809888	0.00023962682127830917
2459518.6602896596	1.0000571777833922	0.00023971494011262707
2459518.6609844123	1.000742945511399	0.00023982606596663106
2459518.6616791654	1.000522057084057	0.00023974837644088952
2459518.662373919	0.9999432216413922	0.0002397249749769598
2459518.663068672	0.9999744200066333	0.00023964061697902647
2459518.6637634137	1.000329086279647	0.00023973574234396381
2459518.664458167	1.0001917814161416	0.000239799652943895
2459518.66515292	1.0002089851970049	0.0002398546093351373
2459518.6658476726	1.0000015709857213	0.00023967544860295896
2459518.666542426	0.9999577965416498	0.00023971895170441133
2459518.6672371794	1.0004302357692947	0.00023971618443066085
2459518.6679319325	1.0003147508177972	0.0002397488123722403
2459518.668626685	0.9998656493641555	0.000239635327718025
2459518.669321427	1.000379902071	0.00023971160431013184
2459518.67001618	0.9999693130686491	0.00023982666339541052
2459518.6707109334	1.0000188067040536	0.0002398096763952219
2459518.6714056865	0.999820924606282	0.000239766171901698
2459518.6721004397	1.0002219035940054	0.0002397883793116575
2459518.6727951923	0.9998110176486396	0.00023971017423528922
2459518.6734899455	1.00029147491246	0.00023974347527656834
2459518.6741846986	1.0002773018969473	0.00023975237110569964
2459518.67487944	0.9997526063471894	0.00023970208451678667
2459518.6755741937	1.0008615204198745	0.00023997069582389332
2459518.6769637	1.0004575996331497	0.00023987199908950997
2459518.6776584527	1.0003012908346545	0.0002398318977839729
2459518.678353206	1.0002306366973173	0.00023963124910395832
2459518.679047959	1.00007093569056	0.00023965671486276657
2459518.679742712	0.9999729713209906	0.00023972970129633914
2459518.6804374536	1.0001345952128744	0.00023969209917988613
2459518.681132207	1.0003151403877977	0.0002397503738320152
2459518.68182696	1.0003070452162868	0.00023972564154824903
2459518.682521713	1.0003670729887764	0.00023972855205093584
2459518.683216466	0.9998648258364725	0.00023962050915300457
2459518.6839112192	1.0003291382299988	0.00023995514693222903
2459518.684605972	1.000013166661647	0.00023982948981176715
2459518.6853007134	0.9999608326165258	0.0002397903134691658
2459518.6859954675	1.0000197726962372	0.0002395995241416692
2459518.68669022	1.0003772219271028	0.0002397475256249849
2459518.6880797264	1.0002826324465999	0.00023971822078897734
2459518.6887744796	1.000120092932548	0.00023966746117595083
2459518.689469232	0.9999690374576782	0.00023966457202769645
2459518.6901639854	1.0004463916442656	0.00023974048579930639
2459518.690858727	1.0006641844406714	0.00023979442991191376
2459518.69155348	1.0002132479703472	0.00023966677828144624
2459518.692248233	1.0004272011951028	0.00023974741379245268
2459518.6929429867	1.0003959027812663	0.00023975738388306092
2459518.6936377394	1.0004343661291855	0.00023970535761358953
2459518.6943324925	1.0003319647488875	0.00023976238156637344
2459518.6950272457	1.0003288918354216	0.00023970310782476444
2459518.695721999	0.9999916109150897	0.00023971795605042906
2459518.6964167403	1.0000926606599188	0.0002398357536331941
2459518.697111493	1.0001653063444318	0.00023992533572125005
2459518.6978062466	0.999712433164554	0.00023994104864056423
2459518.6985009992	0.9999560551563584	0.00024006341517742347
2459518.699195753	1.000057347113687	0.00024037700240097225
2459518.699890506	0.9999776380053521	0.00024058629392432695
2459518.700585259	0.9997657522676744	0.00024093180938224176
2459518.724206805	1.0000024327311219	0.00024009711735784354
2459518.724901558	1.0001754173794626	0.00023992187909445853
2459518.725596311	1.0001412984276985	0.00023977680292838993
2459518.726291064	1.0002504275781714	0.00023969559987801925
2459518.7269858173	1.0003982619956397	0.00023983603132319718
2459518.7276805704	1.0001448473848311	0.00023976148245436003
2459518.7283753236	1.000054840119427	0.0002397219430632452
2459518.729070065	1.000315617464382	0.000239806488042716
2459518.7297648177	1.000014136801257	0.00023980155101500494
2459518.730459571	0.9996647103394611	0.00023963120550815213
2459518.7311543245	1.0001475730559684	0.0002396689895709959
2459518.7318490776	1.0001741746383495	0.00023967704999734626
2459518.7325438303	1.0003553350100858	0.0002397235425215686
2459518.733238584	1.000865016709563	0.00023989935300270138
2459518.7339333254	1.0002739822547257	0.00023981673873745262
2459518.7346280776	1.0001955884098073	0.00023974505108246836
2459518.7353228307	1.000363979035519	0.00023972065068703733
2459518.736017584	1.0004143383460473	0.0002397350809968091
2459518.736712337	1.0002462407380597	0.00023992951979017688
2459518.7374070897	1.00022126821612	0.00023992040618357134
2459518.7381018433	1.000294324959608	0.00023972832611115051
2459518.738796596	0.9997899805119443	0.00023972223179611078
2459518.7394913374	1.0005702867132396	0.00023984906585871989
2459518.7401860906	1.000671394935814	0.00023981011364203266
2459518.7408808437	1.0007840629802602	0.0002397960485194893
2459518.7415755964	0.9997617156609279	0.000239708032311433
2459518.7422703495	0.9999496862835147	0.00023973027320080617
2459518.7429651027	0.9998152147124086	0.0002396991861877121
2459518.743659856	1.000859906590479	0.0002411946213985789
2459518.7443546085	1.0002498718934865	0.00023972778338002496
2459518.7457441036	1.0002711641407536	0.00023990936496477114
2459518.7464388562	1.0003785299364927	0.00023993700818166925
2459518.7478283625	1.000085385401726	0.0002396735165334233
2459518.7485231156	1.0000959995441436	0.0002397977873531753
2459518.7492178683	1.0005497433523474	0.0002396954074647802
2459518.749912622	1.0007194291251371	0.00023973023678800463
2459518.750607363	1.0000240834798542	0.00023964204726674912
2459518.751302116	1.0001958706911283	0.00023982479803092764
2459518.751996869	1.0003111659406307	0.00023968113481138208
2459518.7526916224	1.0001892418388334	0.00023992755679213434
2459518.753386375	1.0004073326505214	0.00023985708968923282
2459518.754081128	1.0004611251463102	0.0002397642658095681
2459518.7547758813	1.00059753574973	0.00023968119128596133
2459518.7554706344	0.9999087178015051	0.00023969565862767782
2459518.7561653755	1.0004499454676599	0.00023981365261102164
2459518.7568601286	1.0006662848034606	0.0002396740369836016
2459518.7575548817	1.0002151481830033	0.00023968751919357803
2459518.7582496344	0.9999590659559701	0.00023961582193234322
2459518.7596391407	0.999854782708006	0.00023970971134096357
2459518.760333894	0.9999984290142785	0.00023966374474274172
2459518.761028635	1.0001313238091816	0.00023968538871506443
2459518.7617233885	0.9999968511786739	0.00023969948384112129
2459518.762418141	1.0001497167838382	0.0002396560673855865
2459518.7638076474	1.0001519801791325	0.0002396990823300227
2459518.7645024005	1.000068092027085	0.00023977704237768157
2459518.765197153	1.000152713601206	0.00023989162214068318
2459518.765891906	1.000536350241841	0.00023994752347308398
2459518.766586648	1.0001159239688608	0.00024000573758344048
2459518.7672814005	1.000053577700926	0.00024004877865228772
2459518.7679761536	1.0004333201105278	0.0002404468589073634
2459518.768670907	0.9997786721273138	0.00024067871669386897
2459518.76936566	1.0000469700672996	0.00024106574059793375
