2459511.117661866	1.000084160376919	0.00023971178435840495
2459511.1183566274	1.0000560784133856	0.00023974535965085486
2459511.11905139	0.9999975454511406	0.0002397032229651151
2459511.119746152	1.0004507126136957	0.0002397775858136903
2459511.120440902	1.0000117407287339	0.00023980234548686108
2459511.121135664	1.0001145303039538	0.00023974906086670752
2459511.1218304266	0.9998998056375125	0.00023984482640277845
2459511.1225251886	0.999886942675951	0.00023981478699631453
2459511.1232199385	1.000065536479529	0.00023980983135215187
2459511.1239147005	1.0000245755599515	0.0002397353428590984
2459511.124609463	1.0000924188369704	0.00023973131887501477
2459511.125304225	1.0001441478022526	0.0002397869538499461
2459511.1259989864	1.0001068284869818	0.0002397629567523785
2459511.1266937368	1.0000458474526897	0.0002398741866688072
2459511.1273884997	1.0000051767467777	0.00023970331224371192
2459511.128083261	0.999423264918807	0.0002396046777910375
2459511.128778023	0.9999155990774297	0.0002396609828273398
2459511.1294727735	0.9999774038594502	0.00023985686850643814
2459511.130167536	0.9997297686447654	0.0002396525425987708
2459511.1308622975	1.000103502682963	0.0002396554559508613
2459511.1315570595	0.9999966762032043	0.0002396783611536034
2459511.1322518103	1.0000442978546602	0.00023973875917631353
2459511.132946572	1.0001981700397868	0.00023968159309490131
2459511.1336413343	0.9997563297203543	0.00023954288933463152
2459511.1343360962	0.9999023678884729	0.00023960989599874493
2459511.135030858	0.9996731581890261	0.00023993616813156312
2459511.135725608	1.0003340875368243	0.00023975009551048803
2459511.13642037	0.9998005492539128	0.00023971012605889384
2459511.1371151325	0.9995431329137092	0.000239555198332763
2459511.1378098945	1.0002973286548313	0.00023973074784957798
2459511.138504645	1.0004175376752582	0.00023978370873352622
2459511.139199407	0.9998684024437292	0.00023990200364278487
2459511.139894169	1.0002771461582844	0.00023966418757219934
2459511.140588931	0.999700315989082	0.00024001909758260086
2459511.141283681	0.9998065495072345	0.0002399782546673833
2459511.141978455	0.9998327583490286	0.00023994176797941685
2459511.1426732168	0.9996286040308587	0.00023985884647734933
2459511.1433679783	0.9998131632899839	0.00024017515397916337
2459511.1440627296	0.9995536594682382	0.00024056167211546179
2459511.166989793	0.9996965287580115	0.00024043713380142274
2459511.167684555	0.9995955534478332	0.00023984108072976385
2459511.168379317	0.9998632842426229	0.0002398389854655389
2459511.169074079	0.9993544737448095	0.00023963406684025546
2459511.169768829	1.0000712398623333	0.00023967071859527455
2459511.170463592	1.0001067444625837	0.0002398497646048687
2459511.1711583533	0.9998113986733373	0.00023972019412582836
2459511.1718531153	1.0003737535188468	0.00023965859854651006
2459511.1725478773	1.000093282665666	0.00023967803693602241
2459511.1732426276	0.9999703131770471	0.00023991218965844886
2459511.1739373896	0.9999128312709179	0.000239622175404576
2459511.174632151	0.9997639088220474	0.00023966101982703203
2459511.175326913	1.0001780706256973	0.00023966695585974095
2459511.1760216756	0.9997577774791158	0.0002396097131324986
2459511.176716426	0.999956147185336	0.0002396433009685303
2459511.1774111874	0.9998076664042611	0.00023996843724203334
2459511.17810595	1.000000537779876	0.00023966025363210622
2459511.1788007114	1.000042820445336	0.00023973843449458135
2459511.1794954734	0.9997712723551059	0.00023956227414705369
2459511.1801902237	0.9998002358606854	0.00023960304307137653
2459511.1808849857	1.0001917977710597	0.00023960611762102854
2459511.1815797477	0.9997432746970935	0.00023962851534353058
2459511.182274509	0.9999150440985507	0.0002396414971389506
2459511.182969272	0.9996977864488373	0.00023955196499502555
2459511.183664022	1.0000617974505028	0.00023972259540685315
2459511.184358784	0.999517753702576	0.00023959471090831248
2459511.185053546	1.0003660397522354	0.00023969550191602375
2459511.185748308	1.0002189425008188	0.00023957027610191614
2459511.1864430695	1.0000588389270262	0.0002395804120072534
2459511.18713782	1.0003357486708075	0.00023961658660217962
2459511.1878325823	1.000116124823103	0.00023970543619101925
2459511.188527344	1.000379533695165	0.00023977125733476792
2459511.189222106	1.000081685691349	0.0002396766195421867
2459511.1899168678	1.0000782492768856	0.00023987963100491116
2459511.190611618	0.9999594075173158	0.0002398699921536116
2459511.1913063796	0.9999096767803948	0.00023974122175598114
2459511.192001142	0.9997520717616055	0.00023966942660925384
2459511.192695904	1.0004393394589601	0.00023998848378404137
2459511.193390666	0.9997265680629454	0.0002397525132496779
2459511.1940854164	0.9999235908292193	0.00023976064806322203
2459511.1947801784	1.000174713260776	0.0002398122437319057
2459511.1954749404	0.9999810188496303	0.00023964350255023796
2459511.196169702	0.999834632181761	0.0002396360388020239
2459511.196864464	0.9996103338405147	0.00023956959412182836
2459511.197559226	0.999830073726825	0.00023976401245242692
2459511.198253976	0.9996873280229341	0.0002398743260954972
2459511.1989487377	0.9998056110391054	0.0002396053232862381
2459511.1996435	0.9998791027671037	0.00023959570573208692
2459511.2003382617	0.9996821683997504	0.00023955659784627003
2459511.201727774	0.9997621521940966	0.000239604533028464
2459511.202422536	1.0002363836409647	0.00023988837913103224
2459511.203117298	1.0001710241614221	0.00023961412559421542
2459511.2038120595	1.0000399281577612	0.00023961672189226851
2459511.2045068224	1.000147838907505	0.0002396654385032622
2459511.205201584	0.999705179116966	0.00023993018209051957
2459511.2058963343	1.000227338993658	0.0002396344955359944
2459511.2065910962	0.9994956850209155	0.00023958174818538381
2459511.207285858	0.9999733543218535	0.00023969404037012888
2459511.21214918	0.9999432202616049	0.00024024270876596318
2459511.2128439415	1.0000079691068249	0.0002407949276355501
2459511.2357710144	0.9999947118620941	0.00024057921662784106
2459511.2364657763	0.999488202096134	0.00023994864836662016
2459511.237160538	0.9998689278363396	0.00023977723207777688
2459511.2378553003	1.0001709888485593	0.00023969676471772698
2459511.23855005	0.9999638170419807	0.00023971860940547344
2459511.239244812	1.0002543538188688	0.00023986055542187017
2459511.239939574	1.0000662915520526	0.00023960447151822348
2459511.240634336	0.9999121370484363	0.00023960772000830973
2459511.2413290977	1.0000015696034203	0.0002397849673290689
2459511.2420238596	0.9995683258150365	0.00023956398519394334
2459511.24271861	1.0002096263558427	0.0002396454969520008
2459511.243413372	0.9996003362975671	0.00023965789617975736
2459511.244108134	0.999642177012282	0.00023955650722331758
2459511.244802896	0.9999854926207181	0.00023958119906568892
2459511.245497658	0.9993497309080863	0.0002395695370149033
2459511.2461924194	1.0003882534111095	0.0002397642266585268
2459511.2468871693	0.9998066996383271	0.0002395453155667635
2459511.2482766933	0.9999919017953683	0.00023958435183800298
2459511.248971455	0.999684743347116	0.00023963748157613903
2459511.2496662172	0.999686578688816	0.00023960616451586668
2459511.250360979	0.9998747562742427	0.00023962294470650884
2459511.251055729	1.0006841307978285	0.00023965485271386206
2459511.251750491	0.9993612643472444	0.00023955413821070094
2459511.252445253	0.9999905138404899	0.00023975462282961352
2459511.253140015	1.0001117397293176	0.00023965146593487763
2459511.2538347766	0.9998312671578727	0.0002396366996491343
2459511.254529539	1.0000737186073263	0.00023965768920578185
2459511.2552243	0.999495863515639	0.00023976404022147058
2459511.2559190504	0.9998926567583051	0.00023962860904837283
2459511.2566138124	0.9999612590972976	0.00023960447295192408
2459511.2573085744	1.0001295177500014	0.00023988559080621082
2459511.258003336	1.0000212833410307	0.00023965398907687337
2459511.258698098	1.0001710494217013	0.00023995157220041432
2459511.25939286	1.00074407547711	0.00024130949055504205
2459511.26008761	0.9998014966085134	0.0002397096605084195
2459511.260782372	0.9998087581083728	0.00023963658842357996
2459511.261477134	1.0000196292485386	0.00023990329797851613
2459511.2621718957	0.9992531924086085	0.00023966833443639504
2459511.262866657	0.9994723629731906	0.00023961835937849637
2459511.263561419	0.999668778729408	0.00023976985314016404
2459511.264256181	0.9991817817091153	0.0002395812360273082
2459511.2649509315	1.0000544876883932	0.00023965568557174181
2459511.265645693	0.9999148188449393	0.0002395790833148016
2459511.2663404555	0.999964657880414	0.0002397700732269764
2459511.267035217	0.9997677324428696	0.00023988094323181195
2459511.267729979	0.9998382563311946	0.0002397005348011828
2459511.269119491	0.9994143035595117	0.0002399362349601251
2459511.269814253	0.9997864017769384	0.00023988519389144065
2459511.2705090144	0.9998312713846496	0.00023962550670947943
2459511.271203777	0.9994968492199521	0.00023959854823029254
2459511.2718985383	0.9996986689848469	0.0002395747024340916
2459511.2725933003	0.9998476591830054	0.000239549360327533
2459511.273288062	0.9999660689393297	0.00023962349004869502
2459511.273982812	0.999717948202665	0.00023986481425473659
2459511.274677574	1.0009930659412287	0.00024013941849533778
2459511.304552262	0.999963294197199	0.00024050428726952213
2459511.305247024	0.9996098659690054	0.00023995999583626283
2459511.305941786	0.9997598235238827	0.0002398533739275139
2459511.306636536	0.9999840481781286	0.00023969618320796954
2459511.3073312985	0.9995354784438911	0.00023972103413552509
2459511.3080260595	0.9999717237305384	0.00023980053437324149
2459511.3087208215	0.9998071902226249	0.00023966078189724754
2459511.3094155835	0.9995196778458275	0.00023960615374530087
2459511.3101103455	0.9996989261651333	0.0002397039424341292
2459511.3108051065	0.9996560383296987	0.0002395796448905159
2459511.3114998685	0.9998858078380879	0.00023964218589609564
2459511.3121946193	0.9997233831446499	0.00023967728574809962
2459511.312889381	1.0002138291650204	0.00023962505662014936
2459511.313584143	0.999782737906913	0.00023962828977580386
2459511.3142789043	0.9995106881150081	0.00023953507941350139
2459511.3149736663	0.9999927266385702	0.00023974080384311038
2459511.315668428	0.9994666489971394	0.00023958614547600661
2459511.31636319	0.9999335383805664	0.00023979172104695047
2459511.3170579397	1.000042453967429	0.00023965846726181126
2459511.3177527017	0.9999814517338129	0.0002396653688529136
2459511.318447463	0.999708458769967	0.00023967742659856224
2459511.3191422257	0.9995460137915672	0.000239603984476474
2459511.3198369867	0.9998415936279459	0.00023966043794640664
2459511.3205317487	0.9997271155327558	0.00023955725078090873
2459511.3212265107	1.0000491672761618	0.00023975078941587365
2459511.321921261	1.000116220024236	0.000239762941823959
2459511.3226160225	1.0002623399161075	0.000239855087369432
2459511.323310784	1.0001353816360077	0.00023958345953584403
2459511.3240055465	1.0000592247159668	0.0002401977626102576
2459511.3247003076	1.0004504206126363	0.00023969232000352182
2459511.3253950696	0.9997248993695581	0.00023968760001550805
2459511.3260898315	0.9997410788090226	0.00023966928700352834
2459511.326784582	0.9998057289490714	0.000239702651816709
2459511.327479343	1.000027852498232	0.00023987318134254017
2459511.328174105	0.9994805320627637	0.000239857469187861
2459511.328868867	0.9995344307775059	0.00023978323545004456
2459511.329563629	0.9997364101568325	0.0002396450368012655
2459511.3302583904	1.0002476594332725	0.00023976232456590944
2459511.3309531524	0.9999079948406276	0.0002398247563560776
2459511.3316479027	1.0000750528149664	0.0002398471761054373
2459511.332342664	0.9998587473908311	0.0002397134902104686
2459511.3330374258	0.9992035362338992	0.00023954893042237434
2459511.3337321877	0.9998923420993509	0.0002396391868141057
2459511.3344269497	1.0000136564425595	0.0002396861196503326
2459511.335121711	1.000264273856647	0.00023998149009109957
2459511.3358164732	0.9997228933091559	0.00023973655572901808
2459511.336511223	0.9998203677352444	0.00023971835276430497
2459511.3372059846	0.9999018045086241	0.00023959956123721058
2459511.3379007466	0.9999168823306653	0.00023963977706579034
2459511.3385955086	0.9998462466229506	0.00023980752971917413
2459511.3392902697	0.9998240860639277	0.00023962205210927454
2459511.3399850316	0.9998239575679746	0.00023959943796247066
2459511.3406797936	1.0004198871459875	0.00023967158929805166
2459511.3733335254	0.9996679931468438	0.00024019304198240248
2459511.3740282874	0.9996048777978579	0.00024009269059357754
2459511.374723049	0.9998171816178999	0.00023984123764051997
2459511.375417811	1.000105906355405	0.00023979957275122217
2459511.3761125724	1.0005423443229353	0.0002398597013773525
2459511.376807334	0.9999290249463751	0.00023967300106137924
2459511.3775020842	0.9998389099516777	0.00023961469249740545
2459511.378196846	0.9999926199233787	0.00023973229071522738
2459511.3788916077	0.9999868811371916	0.00023983750002074124
2459511.3795863693	1.0001239161532782	0.00023962834694067175
2459511.3802811312	1.0002731796229012	0.00023967211784890088
2459511.380975893	0.9999935752829892	0.0002397258328946366
2459511.3816706548	0.9993667460650256	0.00023954143693874738
2459511.3823654163	0.9998487970005349	0.0002396679057214002
2459511.3830601666	0.9994427315690338	0.0002395129794610586
2459511.383754928	1.000164212481107	0.00023971853610683244
2459511.3844496896	0.9995015400211705	0.00023969714917542161
2459511.3851444516	0.999836421698309	0.00023972395158555456
2459511.385839213	1.0001657077937844	0.00023970478461149538
2459511.386533975	0.9997683969602733	0.000239631592913875
2459511.3872287367	0.9998285391144881	0.00023963543142485564
2459511.3879234986	1.0000813415227836	0.0002396546681021609
2459511.388618248	1.000143302530809	0.00023967030260231025
2459511.38931301	1.0000475756474705	0.0002396581203833109
2459511.3900077716	1.000071446651611	0.0002397823382824548
2459511.3907025335	1.000036571073288	0.00023971484422980515
2459511.391397295	1.000010748042279	0.00023962141954341124
2459511.392092057	1.0004019908193684	0.00024014110156973456
2459511.3927868186	1.0000481785908417	0.0002396109530426885
2459511.3934815684	0.9999696410952242	0.00023959092173397463
2459511.3941763304	0.9998590430449066	0.00023968181457483044
2459511.394871092	0.9998909553732841	0.00023969984900681037
2459511.395565854	0.9995701884643128	0.0002397505327624563
2459511.396260615	1.000209724227456	0.0002399487667669856
2459511.3969553774	1.0000631783063558	0.0002406729758405708
2459511.397650139	1.000082241216639	0.00023988083892530486
2459511.398344889	0.9997205603073902	0.00023965774280949246
2459511.399039651	0.9999374980358903	0.00023975784451590407
2459511.3997344123	0.9995169432826867	0.00023973552110842386
2459511.400429174	1.0001360548581653	0.00023975851399437418
2459511.4011239354	0.9994903150809218	0.00023963660525271301
2459511.4018186973	1.0002875855319493	0.00023966867429063763
2459511.402513459	0.9998562261293801	0.00023968558781333366
2459511.4032082204	1.0001344133670902	0.00023965656252779391
2459511.4039029707	1.000467859422271	0.00023996564392019621
2459511.4045977327	1.000096196845739	0.00023982246397520542
2459511.4052924938	0.9997037383262856	0.000239758875983584
2459511.4059872557	1.0000151520449365	0.00023960229424424998
2459511.4066820177	0.9997959217226375	0.00023962547509297978
2459511.4073767792	0.9996169038446503	0.00023975124420155328
2459511.4080715408	1.000103448620151	0.0002396550508532257
2459511.4421147807	0.9995160471700247	0.00024013520136298986
2459511.442809542	0.9997658131089189	0.00023998266605224352
2459511.4435043037	1.000078997512371	0.0002399176020285917
2459511.4441990657	1.0007227288289497	0.00023974723980642863
2459511.444893827	0.9998896616726516	0.00023978063842550112
2459511.4455885887	1.0004370767703148	0.00023970492941414833
2459511.446283339	1.0000209998392926	0.00023963708422117011
2459511.4469781006	1.0002249464635478	0.00023982499281682224
2459511.447672862	1.0002624881503916	0.00023975617448788764
2459511.4483676236	1.000230709792957	0.00023968845124877129
2459511.4490623856	1.0000424882296233	0.00023975656240494758
2459511.449757147	1.0002340998770363	0.00023984798704244033
2459511.4504519086	1.0003031977366454	0.0002395990780685825
2459511.45114667	0.9999626335305101	0.0002396329119218128
2459511.4518414205	1.0001607253343614	0.00023960371337779728
2459511.4525361815	1.0006327799139294	0.00023980872743190867
2459511.4532309435	1.0002558939041513	0.00023982298713051087
2459511.453925705	0.9997766139683921	0.00023969284671461152
2459511.4546204666	0.9999430254866457	0.00023966593920007317
2459511.455315228	0.9999430228007975	0.00023968750378908799
2459511.45600999	1.0002950480028339	0.00023966400022179166
2459511.4567047404	1.0003515770991844	0.00024011289660183077
2459511.4573995015	0.999795644061702	0.00023960169535653677
2459511.458094263	0.9999624678884739	0.00023992720477636855
2459511.458789025	0.9998954975095247	0.0002396226493645454
2459511.4594837865	1.0002043377736716	0.00023966530692058648
2459511.460178548	1.0001417613201855	0.0002399322601511916
2459511.46087331	1.0003650386223608	0.00023966157983168056
2459511.461568071	0.9998816041796944	0.0002395654967266353
2459511.4622628214	1.0001029795632908	0.00023961960332698283
2459511.462957583	0.999995029201656	0.00023970571773553138
2459511.463652345	0.999880153872325	0.00023967260268881313
2459511.464347106	1.0001651258593318	0.00023989360304635051
2459511.4650418675	1.0002348231458942	0.0002399254993241793
2459511.4657366294	1.0003606482067118	0.00023995084989574618
2459511.466431391	1.0006567365676455	0.0002399642916897458
2459511.467126152	1.0001573269353679	0.00023969201882630738
2459511.467820903	1.0002580887045245	0.00023978361408871128
2459511.4685156643	1.0001390140808208	0.00023985958864442954
2459511.469210426	0.9998415572123731	0.00023968405343160378
2459511.4699051874	0.9997992952318898	0.0002397207544151358
2459511.470599949	0.9998009365555076	0.000239821652341455
2459511.471294711	1.0001137845949326	0.00023976574469948824
2459511.471989472	1.0001025592078736	0.00023969049802836763
2459511.4726842223	1.0000559298996663	0.00023996619044967015
2459511.473378984	1.0001556387112713	0.0002400151329499987
2459511.4740737453	1.000228542343544	0.00024000567431515984
2459511.474768507	1.0004135765320885	0.00023969073451905412
2459511.475463269	1.000299889147369	0.00023975472057813054
2459511.47615803	1.000189220165921	0.00023975031588274138
2459511.4768527914	1.0002631890836826	0.00023998904326758883
2459511.4775475534	1.000053480814223	0.00023974018966564694
2459511.4782423032	1.0002972361233449	0.00023966150563637195
2459511.4858846692	1.000067121087787	0.0002398682664667837
2459511.4865794308	1.0000523804949117	0.0002401558277871344
2459511.4872741923	0.9996568637186971	0.00024049820155867788
2459511.5108960276	1.000023576358493	0.00024006103330320524
2459511.5115907895	1.0001460258959831	0.00023998122845522764
2459511.5122855506	0.9996733997677189	0.00023971723379835987
2459511.5129803126	0.9997687693519012	0.00023973650386339355
2459511.5136750736	1.0004202382017764	0.00023992809790785292
2459511.5143698356	0.9998848895475139	0.00023975997464081617
2459511.5150645855	0.9997142976369879	0.00023960101911939965
2459511.515759347	0.9998879751425207	0.00023978810922812167
2459511.5164541085	1.0000412974719397	0.00023964512738223914
2459511.51714887	1.000267478066909	0.00023964673990651175
2459511.517843632	1.0006504194278885	0.00023979650617089035
2459511.518538393	1.0000135863556705	0.00023974247416429825
2459511.5192331546	0.9998971177807269	0.00023959379703533397
2459511.5199279166	1.0003130423905473	0.00023965330770099694
2459511.5206226665	1.0000767380262667	0.0002396693797970745
2459511.5213174275	0.999998981768211	0.0002397580682186816
2459511.522012189	1.0002166493678284	0.00023985194065224053
2459511.5227069505	1.0006508822171332	0.00023971214640491214
2459511.5234017125	0.9999377179713896	0.0002397502204052437
2459511.5240964736	1.0001497095095422	0.00023961950439969605
2459511.5247912356	0.9997864609369972	0.00023960167018308615
2459511.5254859854	0.9997716018949494	0.0002395774016856386
2459511.526180747	0.9998268970037619	0.00023954798825462405
2459511.5268755085	1.0002594028673941	0.000239992415409775
2459511.52757027	1.0003823718977882	0.00023970803192180511
2459511.5282650315	1.0002320858376093	0.00023977070544180663
2459511.5289597926	0.9998691125719761	0.00023964781546973666
2459511.529654555	1.000023160166616	0.00023964426596963798
2459511.5303493044	0.9999553310110206	0.00023959584668301214
2459511.531044066	1.000025839497867	0.00023966821397020276
2459511.5317388275	1.0004251529555273	0.0002397488942031755
2459511.5324335895	1.000052861899083	0.00023997166401708964
2459511.533823112	1.000723383346263	0.00023993563897356082
2459511.5345178735	1.0004010021840994	0.00023984126673633787
2459511.535212635	1.0005115242248648	0.00023992100293601098
2459511.5359073854	1.0005505202307248	0.0002397869211822258
2459511.536602147	1.0000478936530195	0.00023973597337924934
2459511.5372969084	1.0000386192924042	0.00023985339349656766
2459511.5379916695	0.9999646889939485	0.00023983462379816107
2459511.538686431	1.0001485608090241	0.0002397739711705571
2459511.5393811925	1.0000960553929668	0.00023970618178039134
2459511.5400759545	0.999890105527852	0.00023991289631166234
2459511.5407707156	1.0003432842712034	0.00023979631990990861
2459511.541465466	1.0001145213230922	0.00024003061689791588
2459511.542160227	0.9999684743025975	0.00023976314950668816
2459511.5428549885	1.0003261657274385	0.00023971351281762662
2459511.5435497505	1.0000511936033696	0.00023969468277729218
2459511.544244512	1.0001237354062587	0.00023971235505865828
2459511.544939273	1.000725163880316	0.00023974942383390069
2459511.5456340346	1.0001567835034355	0.00023964712496903155
2459511.546328785	1.0001489636392829	0.00023972197505333801
2459511.547023546	1.0000479680957177	0.0002398384013536402
2459511.547718308	1.0001955371835973	0.00024006054031951285
2459511.5484130695	0.9997957858841852	0.00023968580379398266
2459511.549107831	1.0002742479112723	0.0002400027722421838
2459511.549802592	1.0002387036279476	0.00023972251611190296
2459511.5504973535	1.000466886372367	0.00023971276650636074
2459511.551192115	1.0000037109482567	0.00023996984586302213
2459511.5518868654	0.9997586750344859	0.0002396766374566524
2459511.5525816265	1.0003951310831514	0.00024000051964518816
2459511.5532763884	0.9995886795503471	0.0002400092929666674
2459511.5539711495	1.0003934277676318	0.00024015187166100298
2459511.554665911	1.0001486307700203	0.00023996936440065622
2459511.5553606725	0.9999983599595003	0.00024021219709681243
2459511.556055434	0.9999874634848082	0.00024033478705186756
2459511.5567501844	0.999430060594195	0.00024129015357234106
2459511.5796772665	1.0002117952910603	0.00024015215051215606
2459511.580372028	1.0004490294720416	0.00023991079409856105
2459511.5810667896	0.9996930973700876	0.00023970172924035534
2459511.5817615516	1.0003325989553824	0.00023969846006474248
2459511.5824563126	0.9999722891619459	0.000239806307163919
2459511.5831510625	1.0002053776113022	0.0002396930806615647
2459511.583845824	0.9998253852456057	0.00023962277183521094
2459511.5845405855	1.0004793574674375	0.00023970050154446698
2459511.585930108	1.0003086715013427	0.0002396730697459726
2459511.5866248696	0.9998730838336106	0.00023982759308734965
2459511.587319631	0.9999183528785764	0.000239651988398466
2459511.588014392	1.000176327918894	0.000239605565342287
2459511.5887091425	1.0003207606261901	0.00023968465303858853
2459511.589403904	1.0002838306455275	0.00023972108908593262
2459511.590098665	1.0001260963712693	0.0002396638439023898
2459511.590793427	1.000334789887917	0.00023982783489320028
2459511.5914881886	0.9999267377104796	0.00023958186520405954
2459511.59218295	0.9999994622201241	0.00023976315519898584
2459511.592877711	1.0001628555849047	0.00023976184331418434
2459511.5935724615	0.9998198174799381	0.00023966136822766248
2459511.5942672226	1.000471849692441	0.00023969608338239186
2459511.594961984	1.0001242500343008	0.00023961691091207678
2459511.5956567456	1.0002591811562533	0.00023965116131597676
2459511.596351507	1.0003191670400335	0.00023983202628406067
2459511.5970462686	1.0007710008000479	0.000239884172838454
2459511.5977410297	1.0003785891083024	0.00023974850244261594
2459511.5984357917	1.000525370054195	0.0002396750145515629
2459511.599130541	0.9998971257273069	0.00023961934223955353
2459511.5998253026	1.000430051277429	0.00023970463356210188
2459511.600520064	1.0002676510634663	0.0002397377262848905
2459511.6012148256	1.000629532892354	0.00023998999794633196
2459511.6019095867	1.0005329917319112	0.00023993608735140148
2459511.602604348	1.0000561898165088	0.00024003367060289278
2459511.6032991097	1.0000473033087836	0.00023991933031939193
2459511.6039938596	1.0000336467259023	0.00023986840033850056
2459511.6046886323	1.0002019431948361	0.00023977691399077608
2459511.6053833943	1.0002806967564888	0.0002398733571556504
2459511.6060781553	0.9999665783045011	0.00023980670053377318
